    7.00000000
   92.14000000
    0.86700000
    1.59772343
    0.64164499
    2.65359512
    0.28199945
    0.00000000
   -1.52312760    0.59677857    0.00000000
   -0.47678463    1.76929017    0.00000000
   -7.62380554    1.23211723    0.00000000
   -6.90812975    0.96953016    0.00000000
   -2.83158018    0.85327734    0.00000000
   -2.92375089    0.87412731    0.00000000
   -0.80591624    1.04113131    0.00000000
    0.79482640    0.94134128    0.00000000
   -0.63332208    0.60103713    0.00000000
   -0.27278544    1.43204334    0.00000000
   -7.63345991    1.25452792    0.00000000
  -10.62235584    1.22631016    0.00000000
   -3.00565892    0.93369080    0.00000000
   -0.45505795    0.91665550    0.00000000
   -3.13584269    0.88636585    0.00000000
   -2.57652857    0.80104483    0.00000000
   -2.09566380    0.85591347    0.00000000
   -1.33010780    1.12386362    0.00000000
   -6.25286814    1.16665338    0.00000000
   -7.64027873    1.36878004    0.00000000
   -5.85238752    0.99178698    0.00000000
   -2.42931989    0.98978835    0.00000000
   -5.86570370    1.06853285    0.00000000
  -11.73973648    0.94022134    0.00000000
   -5.98736548    0.75038502    0.00000000
   -3.30804991    0.92518355    0.00000000
   -3.53465626    0.89334771    0.00000000
   -3.02206125    1.04110771    0.00000000
   -2.58097950    0.57953935    0.00000000
   -6.79254306    0.57989441    0.00000000
   -2.65124749    1.01601655    0.00000000
   -2.33551214    0.80917147    0.00000000
   -2.41220535    0.99263049    0.00000000
   -1.81406443    0.92749899    0.00000000
   -2.50620689    0.41146042    0.00000000
   -1.42840445    1.08464627    0.00000000
   -6.52812645    1.07152274    0.00000000
   -9.53201953    1.28906739    0.00000000
   -8.05597510    1.29996342    0.00000000
    2.39232808    1.31999377    0.00000000
   -3.18814624    1.10573275    0.00000000
    0.36154727    0.87109897    0.00000000
    0.00000000    0.80000000    0.00000000
   -3.92310422    1.11439105    0.00000000
   -1.06032777    1.01989383    0.00000000
   -2.07890670    1.12955327    0.00000000
   -3.09915062    1.31221601    0.00000000
   -2.19810693    1.65514191    0.00000000
   -2.67057919    0.74871587    0.00000000
   -1.71200090    0.76769207    0.00000000
   -1.93164354    1.20800631    0.00000000
   -2.12255908    1.07316024    0.00000000
   -3.05822619    0.79441455    0.00000000
   -1.51437103    0.91117165    0.00000000
   -2.69459743    1.01986808    0.00000000
   -7.02947565    0.67396733    0.00000000
    0.00000000    0.80000000    0.00000000
    0.00000000    0.80000000    0.00000000
    0.00000000    0.80000000    0.00000000
    0.00000000    0.80000000    0.00000000
    0.00000000    0.80000000    0.00000000
    0.00000000    0.80000000    0.00000000
    0.00000000    0.80000000    0.00000000
    0.00000000    0.80000000    0.00000000
    0.00000000    0.80000000    0.00000000
    0.00000000    0.80000000    0.00000000
    0.00000000    0.80000000    0.00000000
    0.00000000    0.80000000    0.00000000
    0.00000000    0.80000000    0.00000000
    0.00000000    0.80000000    0.00000000
    0.00000000    0.80000000    0.00000000
   -3.43977123    1.17472851    0.00000000
   -2.91379030    1.02353501    0.00000000
   -1.83568969    0.92359467    0.00000000
   -9.36954475    0.99264541    0.00000000
   -1.59529996    0.84587036    0.00000000
   -1.87150137    1.02358725    0.00000000
   -1.77935600    1.03471038    0.00000000
   -2.23002166    1.50286433    0.00000000
   -1.17716732    1.51200187    0.00000000
   -2.83594104    1.16407973    0.00000000
   -0.89073737    1.20948300    0.00000000
   -0.72715773    1.07081432    0.00000000
    0.00000000    0.80000000    0.00000000
    0.00000000    0.80000000    0.00000000
    0.00000000    0.80000000    0.00000000
    0.00000000    0.80000000    0.00000000
    0.00000000    0.80000000    0.00000000
    0.00000000    0.80000000    0.00000000
    0.00000000    0.80000000    0.00000000
    0.00000000    0.80000000    0.00000000
    0.00000000    0.80000000    0.00000000
    0.00000000    0.80000000    0.00000000
    0.00000000    0.80000000    0.00000000
