   37.50000000
   41.05000000
    0.78600000
    1.47748206
    0.68742935
    2.64820749
    0.08775281
    0.00000000
   -0.87712422    0.60515909    2.92281633
    0.05854086    1.91196227    0.00000000
  -10.96034929    1.25655379    0.00000000
   -9.05632727    1.18575295    0.00000000
   -2.68691944    0.84370639    0.00000000
   -2.80630928    0.80838262    0.00000000
   -0.55783053    1.06660397    0.00000000
    3.21467852    0.30000000    0.00000000
    0.44043396    0.64855180    0.00000000
   -0.21263168    1.63595010    0.00000000
   -6.19880808    1.04490918    0.00000000
  -17.96274370    1.27088204    0.00000000
   -4.29427245    1.04262981    0.00000000
   -0.33536836    0.88432057    0.00000000
   -3.05011828    0.90112086    0.00000000
   -2.54644283    0.74658950    0.00000000
   -1.47759772    0.65699448    0.00000000
   -0.58036166    1.30915859    0.00000000
   -6.36214363    1.17193619    0.00000000
  -11.51304700    1.22772112    0.00000000
   -8.48214683    0.92834987    0.00000000
   -0.96377586    0.95381415    0.00000000
   -9.09160488    1.08974484    0.00000000
   -9.30415276    1.09832095    0.00000000
   -7.67714793    0.93926096    0.00000000
   -3.23870810    0.84342704    0.00000000
   -4.54522486    0.82932941    0.00000000
   -3.75345418    0.98431663    0.00000000
   -2.67747060    0.83273417    0.00000000
  -11.63964312    0.92841938    0.00000000
   -2.84557745    0.49296618    0.00000000
   -1.81022129    0.81718039    0.00000000
   -2.23036924    0.90669904    0.00000000
   -1.87520424    0.85462954    0.00000000
   -2.61823231    0.97132706    0.00000000
   -0.74884886    1.29800773    0.00000000
   -5.65659118    1.02625667    0.00000000
  -14.21180242    1.21642482    0.00000000
  -12.50073307    1.34596356    0.00000000
    0.28439278    1.07828588    0.00000000
   -4.46553278    1.08403943    0.00000000
   -8.22344111    0.72629720    0.00000000
    1.00000000    0.80000000    0.00000000
   -3.86401927    0.91014466    0.00000000
   -0.46353771    0.95888983    0.00000000
   -2.11061586    1.03724923    0.00000000
   -2.36522407    1.21081189    0.00000000
   -2.34938047    1.34333032    0.00000000
   -2.91312353    0.73358908    0.00000000
   -1.36067206    0.72962380    0.00000000
   -1.19642367    0.84041472    0.00000000
   -1.89574272    0.93791884    0.00000000
   -3.01899181    0.75947406    0.00000000
   -0.67042026    1.08689045    0.00000000
   -4.48041171    1.00889930    0.00000000
  -11.42298821    0.87968799    0.00000000
    1.00000000    0.80000000    0.00000000
    1.00000000    0.80000000    0.00000000
    1.00000000    0.80000000    0.00000000
    1.00000000    0.80000000    0.00000000
    1.00000000    0.80000000    0.00000000
    1.00000000    0.80000000    0.00000000
    1.00000000    0.80000000    0.00000000
    1.00000000    0.80000000    0.00000000
    1.00000000    0.80000000    0.00000000
    1.00000000    0.80000000    0.00000000
    1.00000000    0.80000000    0.00000000
    1.00000000    0.80000000    0.00000000
    1.00000000    0.80000000    0.00000000
    1.00000000    0.80000000    0.00000000
    1.00000000    0.80000000    0.00000000
   -2.82120676    0.99347231    0.00000000
   -3.58303568    0.99499187    0.00000000
   -2.88564787    1.11573218    0.00000000
   -7.67575403    1.10241914    0.00000000
   -2.07705636    0.80988747    0.00000000
   -1.93914190    0.94943528    0.00000000
   -2.84112970    0.85477814    0.00000000
   -2.37551268    1.39477093    0.00000000
   -1.05373370    1.31876099    0.00000000
   -3.01337371    1.22263329    0.00000000
   -0.66386840    1.05252130    0.00000000
   -0.50281089    1.05662068    0.00000000
    1.00000000    0.80000000    0.00000000
    1.00000000    0.80000000    0.00000000
    1.00000000    0.80000000    0.00000000
    1.00000000    0.80000000    0.00000000
    1.00000000    0.80000000    0.00000000
    1.00000000    0.80000000    0.00000000
    1.00000000    0.80000000    0.00000000
    1.00000000    0.80000000    0.00000000
    1.00000000    0.80000000    0.00000000
    1.00000000    0.80000000    0.00000000
    1.00000000    0.80000000    0.00000000
