    7.30000000
   74.12000000
    0.71300000
    1.59644701
    0.71500286
    2.17215279
    0.12169871
    0.00000000
   -1.26731135    0.46183163    3.54352327
   -0.36185792    1.50191603    0.00000000
   -9.18222326    1.41643210    0.00000000
   -7.71374086    1.19091982    0.00000000
   -1.78074581    0.88492763    0.00000000
   -2.84632485    0.81365777    0.00000000
    0.39172989    0.94900853    0.00000000
    2.32366890    0.30000000    0.00000000
   -0.22856543    0.51902571    0.00000000
   -0.29348907    0.66061545    0.00000000
   -9.15621078    1.16197641    0.00000000
  -12.61612820    0.68324773    0.00000000
   -3.07155844    1.05595946    0.00000000
   -0.22133339    0.87666489    0.00000000
   -2.87368475    0.92672378    0.00000000
   -2.31546698    0.66416213    0.00000000
   -2.04007841    0.85878921    0.00000000
   -1.23592116    0.35720511    0.00000000
   -7.49327989    1.32613697    0.00000000
   -8.52481276    1.35949726    0.00000000
   -6.09973213    1.09613845    0.00000000
   -0.83300372    1.00454344    0.00000000
   -6.87486577    1.07808187    0.00000000
  -15.10887387    0.82329503    0.00000000
   -8.72176218    0.81638753    0.00000000
   -2.74028360    0.85975561    0.00000000
   -7.92805966    1.10919724    0.00000000
   -3.48394708    1.07233493    0.00000000
   -2.70058734    0.84576406    0.00000000
   -9.09103963    0.82824003    0.00000000
   -2.15529089    0.58773754    0.00000000
   -2.18496757    0.75320418    0.00000000
   -2.12521918    0.89705410    0.00000000
   -1.79339959    0.92285972    0.00000000
   -2.26791209    0.30000000    0.00000000
   -1.36128554    0.50283132    0.00000000
   -6.86821142    1.20545008    0.00000000
  -11.12271511    1.27064109    0.00000000
   -9.37277903    1.39362627    0.00000000
    2.89949284    1.28077744    0.00000000
   -3.74038326    1.12098412    0.00000000
   -1.35709049    1.26453490    0.00000000
    0.00000000    0.80000000    0.00000000
   -3.23230664    0.86705844    0.00000000
   -1.26865652    0.97773852    0.00000000
   -2.62344604    1.26479914    0.00000000
   -2.48514618    1.15017864    0.00000000
   -1.80935855    1.69531775    0.00000000
   -2.39814769    0.73897064    0.00000000
   -1.75052099    0.69523086    0.00000000
   -1.75395497    1.22395515    0.00000000
   -2.04167734    1.06094393    0.00000000
   -2.78299614    0.76862695    0.00000000
   -1.48860766    0.95649899    0.00000000
   -5.45656842    1.12732749    0.00000000
   -8.61238635    0.85916880    0.00000000
    0.00000000    0.80000000    0.00000000
    0.00000000    0.80000000    0.00000000
    0.00000000    0.80000000    0.00000000
    0.00000000    0.80000000    0.00000000
    0.00000000    0.80000000    0.00000000
    0.00000000    0.80000000    0.00000000
    0.00000000    0.80000000    0.00000000
    0.00000000    0.80000000    0.00000000
    0.00000000    0.80000000    0.00000000
    0.00000000    0.80000000    0.00000000
    0.00000000    0.80000000    0.00000000
    0.00000000    0.80000000    0.00000000
    0.00000000    0.80000000    0.00000000
    0.00000000    0.80000000    0.00000000
    0.00000000    0.80000000    0.00000000
   -2.51520265    1.13291027    0.00000000
   -3.29467099    1.02628351    0.00000000
   -2.66322013    1.06177235    0.00000000
  -10.62813191    1.00061527    0.00000000
   -1.62437243    0.80678924    0.00000000
   -1.68911027    0.85216297    0.00000000
   -1.93480823    0.90358551    0.00000000
   -2.03511628    1.27049148    0.00000000
   -0.72450212    1.02402414    0.00000000
   -3.10958931    1.16999402    0.00000000
   -0.84469497    1.21048156    0.00000000
   -0.85906927    1.09783094    0.00000000
    0.00000000    0.80000000    0.00000000
    0.00000000    0.80000000    0.00000000
    0.00000000    0.80000000    0.00000000
    0.00000000    0.80000000    0.00000000
    0.00000000    0.80000000    0.00000000
    0.00000000    0.80000000    0.00000000
    0.00000000    0.80000000    0.00000000
    0.00000000    0.80000000    0.00000000
    0.00000000    0.80000000    0.00000000
    0.00000000    0.80000000    0.00000000
    0.00000000    0.80000000    0.00000000
