   78.50000000
   18.00000000
    0.99800000
    1.58079374
    0.97604129
    1.30237749
    0.07194512
    0.00000000
    0.06629666    0.56096524    4.04907183
    1.38494205    1.84317577    0.00000000
   -8.47658201    1.00708588    0.00000000
  -12.64746819    0.83890908    0.00000000
   -0.03791420    0.87090890    0.00000000
   -1.07723180    0.72864610    2.45551733
    1.16603570    0.68108723    0.84625368
    3.68076258    0.30000000    1.74582215
    1.96594358    0.53832361    2.86254455
    0.86495749    1.55166635    0.00000000
   -5.02728136    1.00697897    0.00000000
  -12.51137798    1.11611044    0.00000000
   -2.37322123    1.11917862    0.00000000
    1.10592564    0.89467360    0.00000000
   -0.78733572    0.83587791    4.76451345
   -0.51028830    0.30000000    3.89607247
   -0.25606370    0.62349753    2.48848430
    0.25473779    1.25272983    0.00000000
   -5.29112079    1.05129591    0.00000000
   -8.86191288    0.75610187    0.00000000
   -4.68022533    1.33484306    0.00000000
    3.22705056    1.03424274    0.00000000
   -6.96392637    1.15482635    0.00000000
   -7.71221092    1.09006558    0.00000000
   -5.90776279    1.06181576    0.00000000
   -1.61423824    0.98358334    0.00000000
   -4.12751059    0.94187463    0.00000000
   -1.38964868    1.18521479    0.00000000
   -1.34903023    1.16316920    0.00000000
   -8.21594906    1.22143681    0.00000000
   -0.80992362    0.75375458    0.00000000
    0.29999299    0.85326388    0.00000000
   -0.46598066    0.61759443    0.00000000
    0.06179828    0.54226862    3.47225286
   -0.53490697    0.90076995    4.12983437
   -0.09650942    1.20819691    0.00000000
   -4.60193496    0.82428655    0.00000000
  -11.94238796    1.10579710    0.00000000
   -7.77905850    1.29865417    0.00000000
    5.96142692    1.15529491    0.00000000
   -3.28897312    1.06691912    0.00000000
  -14.97661155    0.88599674    0.00000000
    0.00000000    0.60000000    0.00000000
   -1.81386132    0.96681930    0.00000000
    0.48179580    1.02893571    0.00000000
   -0.72357001    1.22251791    0.00000000
   -0.95233912    1.22808376    0.00000000
   -0.55540274    1.22017048    0.00000000
   -0.78380934    0.83228023    0.00000000
    0.01419560    0.69213984    0.00000000
    0.43324810    0.66161644    0.00000000
   -0.25068053    0.75729361    0.00000000
   -1.01025717    0.67694504    3.40344080
   -0.39794210    1.06569965    0.00000000
   -3.16374419    0.94256074    0.00000000
   -8.74995304    0.72733170    0.00000000
    0.00000000    0.60000000    0.00000000
    0.00000000    0.60000000    0.00000000
    0.00000000    0.60000000    0.00000000
    0.00000000    0.60000000    0.00000000
    0.00000000    0.60000000    0.00000000
    0.00000000    0.60000000    0.00000000
    0.00000000    0.60000000    0.00000000
    0.00000000    0.60000000    0.00000000
    0.00000000    0.60000000    0.00000000
    0.00000000    0.60000000    0.00000000
    0.00000000    0.60000000    0.00000000
    0.00000000    0.60000000    0.00000000
    0.00000000    0.60000000    0.00000000
    0.00000000    0.60000000    0.00000000
    0.00000000    0.60000000    0.00000000
    3.88752380    1.11168533    0.00000000
   -2.15595436    1.06485038    0.00000000
    2.78465804    1.13488709    0.00000000
   -6.23200524    1.03567422    0.00000000
   -0.29223391    0.95538891    0.00000000
   -0.06497178    0.95737553    0.00000000
   -0.32545325    0.96828988    0.00000000
   -0.62327437    1.37493896    0.00000000
    0.10903325    1.18804550    0.00000000
   -0.67805984    1.16371238    0.00000000
    0.27104619    1.25645400    0.00000000
    0.93373940    1.11614538    0.00000000
    0.00000000    0.60000000    0.00000000
    0.00000000    0.60000000    0.00000000
    0.00000000    0.60000000    0.00000000
    0.00000000    0.60000000    0.00000000
    0.00000000    0.60000000    0.00000000
    0.00000000    0.60000000    0.00000000
    0.00000000    0.60000000    0.00000000
    0.00000000    0.60000000    0.00000000
    0.00000000    0.60000000    0.00000000
    0.00000000    0.60000000    0.00000000
    0.00000000    0.60000000    0.00000000
