   10.00000000
   72.10610000
    0.88300000
    1.61578225
    0.72623504
    1.78759183
    0.00000000
    0.00000000
   -1.15899593    0.49231003    4.07059173
   -0.22897633    1.45971843    0.00000000
  -10.20018355    1.39189497    0.00000000
   -8.90533476    1.24359376    0.00000000
   -1.63506047    0.88541638    0.00000000
   -2.86286191    0.79070745    0.00000000
    0.46171007    0.87883402    0.00000000
    2.14937805    0.30000000    0.00000000
   -0.06082099    0.45535587    0.00000000
   -0.25932993    0.41982134    0.00000000
   -9.47878937    0.97221394    0.00000000
  -14.95032527    0.73990650    0.00000000
   -3.23573966    1.06256570    0.00000000
   -0.06907023    0.85877728    0.00000000
   -2.75754518    0.91344342    0.00000000
   -2.28831923    0.65236132    0.00000000
   -1.99165110    0.83638757    0.00000000
   -1.13977716    0.30000000    0.00000000
   -8.24707731    1.30378640    0.00000000
   -9.99220720    1.34530916    0.00000000
   -6.80119760    1.12872253    0.00000000
   -0.41568419    0.99362765    0.00000000
   -8.01690709    1.07899272    0.00000000
  -15.69009736    0.88126627    0.00000000
   -7.69334576    0.85690149    0.00000000
   -3.00240654    0.92867521    0.00000000
   -6.65754379    1.11979197    0.00000000
   -3.45080929    1.09382957    0.00000000
   -3.08931028    0.91256623    0.00000000
  -11.21536623    0.93952546    0.00000000
   -2.20843794    0.61192694    0.00000000
   -2.05547961    0.74048290    0.00000000
   -2.02460293    0.87521992    0.00000000
   -1.78542898    0.93347101    0.00000000
   -2.19697331    0.30000000    0.00000000
   -1.26171088    0.44599922    0.00000000
   -7.18263995    1.17309705    0.00000000
  -12.80324662    1.25107490    0.00000000
  -11.06903907    1.38513109    0.00000000
    2.19513946    1.24264350    0.00000000
   -4.29419005    1.08432863    0.00000000
   -2.25530425    1.29527245    0.00000000
    0.00000000    0.80000000    0.00000000
   -3.26755573    0.94151897    0.00000000
   -1.19206068    0.96993714    0.00000000
   -2.88399585    1.26214978    0.00000000
   -2.68877453    1.13253269    0.00000000
   -1.92720768    1.10477395    0.00000000
   -2.51353652    0.74390268    0.00000000
   -1.70895093    0.66798942    0.00000000
   -1.65043248    1.19827959    0.00000000
   -2.01187446    1.04868519    0.00000000
   -2.75175259    0.80948753    0.00000000
   -1.40323670    1.01531599    0.00000000
   -5.71061802    1.10909862    0.00000000
  -10.10115350    0.90658404    0.00000000
    0.00000000    0.80000000    0.00000000
    0.00000000    0.80000000    0.00000000
    0.00000000    0.80000000    0.00000000
    0.00000000    0.80000000    0.00000000
    0.00000000    0.80000000    0.00000000
    0.00000000    0.80000000    0.00000000
    0.00000000    0.80000000    0.00000000
    0.00000000    0.80000000    0.00000000
    0.00000000    0.80000000    0.00000000
    0.00000000    0.80000000    0.00000000
    0.00000000    0.80000000    0.00000000
    0.00000000    0.80000000    0.00000000
    0.00000000    0.80000000    0.00000000
    0.00000000    0.80000000    0.00000000
    0.00000000    0.80000000    0.00000000
   -2.60583123    1.11423304    0.00000000
   -3.71445800    1.01607058    0.00000000
   -3.20676512    1.10392492    0.00000000
   -8.03865834    1.06738182    0.00000000
   -1.46476622    0.83847457    0.00000000
   -1.51676204    0.84929248    0.00000000
   -2.13704277    0.89202977    0.00000000
   -2.25021190    1.28191768    0.00000000
   -0.79561163    1.04816778    0.00000000
   -3.33417199    1.18783903    0.00000000
   -0.91111726    1.12577613    0.00000000
   -1.62874165    1.07089096    0.00000000
    0.00000000    0.80000000    0.00000000
    0.00000000    0.80000000    0.00000000
    0.00000000    0.80000000    0.00000000
    0.00000000    0.80000000    0.00000000
    0.00000000    0.80000000    0.00000000
    0.00000000    0.80000000    0.00000000
    0.00000000    0.80000000    0.00000000
    0.00000000    0.80000000    0.00000000
    0.00000000    0.80000000    0.00000000
    0.00000000    0.80000000    0.00000000
    0.00000000    0.80000000    0.00000000
